Reacoes de apoio [N]
[[-6484.59713475]
 [ -766.17964604]
 [ 1900.        ]
 [-4555.98850416]
 [  766.17964604]
 [ 1050.        ]
 [ 1937.98381056]
 [-3829.26641147]
 [-1937.98381056]
 [ 3200.        ]
 [-3577.708764  ]]

Deslocamentos [m]
[[ 0.        ]
 [ 0.        ]
 [ 0.00097028]
 [-0.00416384]
 [ 0.00034743]
 [-0.00450318]
 [ 0.00025083]
 [-0.00428701]
 [ 0.00053943]
 [-0.00447852]
 [-0.00031315]
 [-0.00410209]
 [ 0.00112457]
 [ 0.        ]]

Deformacoes []
[[-0.00617581]
 [-0.00072969]
 [ 0.00180952]
 [-0.00433904]
 [ 0.00072969]
 [ 0.001     ]
 [ 0.0018457 ]
 [-0.00364692]
 [-0.0018457 ]
 [ 0.00304762]
 [-0.00340734]]

Forcas internas [N]
[[-6484.59713475]
 [ -766.17964604]
 [ 1900.        ]
 [-4555.98850416]
 [  766.17964604]
 [ 1050.        ]
 [ 1937.98381056]
 [-3829.26641147]
 [-1937.98381056]
 [ 3200.        ]
 [-3577.708764  ]]

Tensoes internas [Pa]
[[-1.23516136e+09]
 [-1.45938980e+08]
 [ 3.61904762e+08]
 [-8.67807334e+08]
 [ 1.45938980e+08]
 [ 2.00000000e+08]
 [ 3.69139773e+08]
 [-7.29384078e+08]
 [-3.69139773e+08]
 [ 6.09523810e+08]
 [-6.81468336e+08]]